1554824624946
Begin @ 2019-04-09 23:43:45.015579
Server up; try http://0.0.0.0:8080/index.html




	 --total---------tel---------succ---------fail------	
Observatory listening on http://11.163.95.212:8000/
   	 32            2.004          16.0      0.0 
   	 1766            4.004          867.0      0.0 
   	 3714            6.004          974.0      0.0 
   	 5638            8.004          962.0      0.0 
   	 7438            10.004          900.0      0.0 
   	 9352            12.004          957.0      0.0 
   	 11289            14.004          969.0      0.0 
   	 13197            16.004          954.0      0.0 
   	 15062            18.004          933.0      0.0 
   	 16454            20.005          696.0      0.0 
   	 18355            22.004          951.0      0.0 
   	 20255            24.016          944.0      0.0 
   	 22156            26.008          954.0      0.0 
   	 24029            28.006          937.0      0.0 
   	 25905            30.004          939.0      0.0 
   	 27806            32.004          951.0      0.0 
   	 29707            34.004          951.0      0.0 
   	 31557            36.004          925.0      0.0 
   	 33460            38.004          952.0      0.0 
   	 35321            40.005          930.0      0.0 
   	 37211            42.004          945.0      0.0 
   	 39112            44.004          951.0      0.0 
   	 41013            46.004          951.0      0.0 
   	 42878            48.006          932.0      0.0 
   	 44762            50.004          943.0      0.0 
   	 46663            52.004          951.0      0.0 
   	 48563            54.004          950.0      0.0 
   	 50429            56.005          933.0      0.0 
   	 52317            58.004          944.0      0.0 
   	 54217            60.004          950.0      0.0 
   	 56068            62.004          926.0      0.0 
   	 57130            64.004          531.0      0.0 
   	 58980            66.004          925.0      0.0 
   	 60883            68.004          952.0      0.0 
   	 62733            70.004          925.0      0.0 
   	 64634            72.004          951.0      0.0 
   	 66485            74.004          926.0      0.0 
   	 68381            76.004          948.0      0.0 
   	 70284            78.007          950.0      0.0 
   	 72185            80.004          952.0      0.0 
   	 74043            82.005          929.0      0.0 
   	 75936            84.004          947.0      0.0 
   	 77837            86.004          951.0      0.0 
   	 79739            88.004          951.0      0.0 
   	 81639            90.004          950.0      0.0 
   	 83537            92.004          949.0      0.0 
   	 85437            94.006          949.0      0.0 
   	 87238            96.004          901.0      0.0 
   	 89141            98.004          952.0      0.0 
   	 91041            100.004          950.0      0.0 
   	 92892            102.004          926.0      0.0 
   	 94793            104.004          951.0      0.0 
   	 95778            106.004          493.0      0.0 
   	 97712            108.004          967.0      0.0 
   	 99563            110.004          926.0      0.0 
   	 101363            112.005          900.0      0.0 
   	 103264            114.004          951.0      0.0 
   	 105165            116.01          948.0      0.0 
   	 107017            118.004          929.0      0.0 
   	 108882            120.005          932.0      0.0 
   	 110769            122.004          944.0      0.0 
   	 112653            124.008          940.0      0.0 
   	 114520            126.004          935.0      0.0 
   	 116423            128.004          952.0      0.0 
   	 118273            130.004          925.0      0.0 
   	 120174            132.004          951.0      0.0 
   	 122075            134.004          951.0      0.0 
   	 123975            136.004          950.0      0.0 
   	 125862            138.005          943.0      0.0 
   	 127744            140.007          940.0      0.0 
   	 129659            142.005          958.0      0.0 
   	 131510            144.004          926.0      0.0 
   	 133411            146.004          951.0      0.0 
   	 135263            148.004          926.0      0.0 
   	 137164            150.004          951.0      0.0 
   	 139015            152.004          926.0      0.0 
   	 140915            154.004          950.0      0.0 
   	 142816            156.004          951.0      0.0 
   	 144715            158.008          948.0      0.0 
   	 146571            160.004          930.0      0.0 
   	 148322            162.004          876.0      0.0 
   	 150223            164.004          951.0      0.0 
   	 152123            166.004          950.0      0.0 
   	 153976            168.004          927.0      0.0 
   	 155877            170.004          951.0      0.0 
   	 157777            172.004          950.0      0.0 
   	 159628            174.004          926.0      0.0 
   	 161529            176.004          951.0      0.0 
   	 163431            178.004          951.0      0.0 
   	 165282            180.004          926.0      0.0 
   	 167175            182.004          947.0      0.0 
   	 169075            184.004          950.0      0.0 
   	 170976            186.004          951.0      0.0 
   	 172832            188.004          928.0      0.0 
   	 174723            190.004          946.0      0.0 
   	 176622            192.004          950.0      0.0 
   	 178479            194.005          928.0      0.0 
   	 180229            196.004          875.0      0.0 
   	 182124            198.004          948.0      0.0 
   	 184025            200.01          948.0      0.0 
   	 185875            202.004          928.0      0.0 
   	 187776            204.004          951.0      0.0 
   	 189627            206.004          926.0      0.0 
   	 191529            208.004          951.0      0.0 
   	 193380            210.004          926.0      0.0 
   	 195181            212.004          901.0      0.0 
   	 196981            214.004          900.0      0.0 
   	 198193            216.004          606.0      0.0 
   	 199996            218.004          902.0      0.0 
   	 201796            220.004          900.0      0.0 
   	 203647            222.004          926.0      0.0 
   	 205398            224.004          876.0      0.0 
   	 207198            226.004          900.0      0.0 
   	 209001            228.004          902.0      0.0 
   	 210802            230.004          901.0      0.0 
   	 212599            232.004          899.0      0.0 
   	 214449            234.005          925.0      0.0 
   	 216250            236.004          901.0      0.0 
   	 218052            238.005          901.0      0.0 
   	 219853            240.004          901.0      0.0 
   	 221604            242.004          876.0      0.0 
   	 223429            244.008          911.0      0.0 
   	 225202            246.004          888.0      0.0 
   	 227005            248.004          902.0      0.0 
   	 228855            250.004          925.0      0.0 
   	 230656            252.006          900.0      0.0 
   	 232434            254.008          888.0      0.0 
   	 234207            256.004          888.0      0.0 
   	 236060            258.004          927.0      0.0 
   	 237899            260.009          917.0      0.0 
   	 239049            262.004          576.0      0.0 
   	 240850            264.004          901.0      0.0 
   	 242695            266.004          923.0      0.0 
   	 244347            268.004          826.0      0.0 
   	 246148            270.004          901.0      0.0 
   	 247899            272.004          876.0      0.0 
   	 249736            274.008          917.0      0.0 
   	 251550            276.004          909.0      0.0 
   	 253303            278.004          877.0      0.0 
   	 255149            280.005          923.0      0.0 
   	 256950            282.004          901.0      0.0 
   	 258797            284.004          924.0      0.0 
   	 260597            286.004          900.0      0.0 
   	 262448            288.004          926.0      0.0 
   	 264289            290.004          921.0      0.0 
   	 266089            292.004          900.0      0.0 
   	 267890            294.004          901.0      0.0 
   	 269691            296.004          901.0      0.0 
   	 271493            298.004          901.0      0.0 
   	 273294            300.004          901.0      0.0 
   	 275133            302.004          920.0      0.0 
   	 276933            304.004          900.0      0.0 
   	 278784            306.004          926.0      0.0 
   	 280587            308.004          902.0      0.0 
   	 282384            310.004          899.0      0.0 
   	 284185            312.004          901.0      0.0 
   	 285986            314.004          901.0      0.0 
   	 287786            316.004          900.0      0.0 
   	 289585            318.004          900.0      0.0 
   	 291062            320.005          738.0      0.0 
   	 292847            322.004          893.0      0.0 
   	 294058            324.01          604.0      0.0 
   	 295878            326.008          911.0      0.0 
   	 297632            328.005          878.0      0.0 
   	 299449            330.005          909.0      0.0 
   	 301282            332.004          917.0      0.0 
   	 303082            334.004          900.0      0.0 
   	 304883            336.004          901.0      0.0 
   	 306686            338.004          902.0      0.0 
   	 308436            340.004          875.0      0.0 
   	 310287            342.004          926.0      0.0 
   	 311938            344.004          826.0      0.0 
   	 313785            346.008          922.0      0.0 
   	 315488            348.004          853.0      0.0 
   	 317239            350.004          876.0      0.0 
   	 319049            352.005          905.0      0.0 
   	 320890            354.01          918.0      0.0 
   	 322691            356.004          903.0      0.0 
   	 324487            358.004          898.0      0.0 
   	 326290            360.004          902.0      0.0 
   	 328089            362.004          900.0      0.0 
   	 329939            364.004          925.0      0.0 
   	 331740            366.004          901.0      0.0 
   	 333562            368.006          910.0      0.0 
   	 335343            370.004          891.0      0.0 
   	 337203            372.004          930.0      0.0 
   	 339025            374.009          909.0      0.0 
   	 340845            376.009          910.0      0.0 
   	 342648            378.007          902.0      0.0 
   	 344448            380.004          901.0      0.0 
   	 346299            382.004          926.0      0.0 
   	 348119            384.006          909.0      0.0 
   	 349900            386.004          891.0      0.0 
   	 351753            388.004          927.0      0.0 
   	 353554            390.004          901.0      0.0 
   	 355354            392.004          900.0      0.0 
   	 357205            394.007          924.0      0.0 
   	 359006            396.004          902.0      0.0 
   	 360808            398.004          901.0      0.0 
   	 362148            400.004          670.0      0.0 
   	 363968            402.005          910.0      0.0 
   	 365751            404.004          892.0      0.0 
   	 367567            406.006          907.0      0.0 
   	 369405            408.006          919.0      0.0 
   	 371205            410.004          901.0      0.0 
   	 373006            412.004          901.0      0.0 
   	 374807            414.004          901.0      0.0 
   	 376607            416.004          900.0      0.0 
   	 378410            418.004          902.0      0.0 
   	 380211            420.004          901.0      0.0 
   	 382061            422.004          925.0      0.0 
   	 383862            424.004          901.0      0.0 
   	 385663            426.004          901.0      0.0 
   	 387465            428.004          901.0      0.0 
   	 389262            430.004          899.0      0.0 
   	 391113            432.004          926.0      0.0 
   	 392913            434.004          900.0      0.0 
   	 394714            436.004          901.0      0.0 
   	 396517            438.004          902.0      0.0 
   	 398167            440.004          825.0      0.0 
   	 399968            442.004          901.0      0.0 
   	 401769            444.004          901.0      0.0 
   	 403569            446.004          900.0      0.0 
   	 405372            448.004          902.0      0.0 
   	 407169            450.004          899.0      0.0 
   	 409011            452.004          921.0      0.0 
   	 410862            454.004          926.0      0.0 
   	 412613            456.004          876.0      0.0 
   	 414415            458.004          901.0      0.0 
   	 416216            460.004          901.0      0.0 
   	 418018            462.004          901.0      0.0 
   	 419867            464.004          925.0      0.0 
   	 421668            466.004          901.0      0.0 
   	 423471            468.004          902.0      0.0 
   	 425271            470.004          900.0      0.0 
   	 427072            472.004          901.0      0.0 
   	 428875            474.004          902.0      0.0 
   	 430773            476.005          949.0      0.0 
   	 432576            478.004          902.0      0.0 
   	 434377            480.004          901.0      0.0 
   	 436177            482.004          900.0      0.0 
   	 438028            484.004          926.0      0.0 
   	 439829            486.004          901.0      0.0 
   	 441631            488.004          901.0      0.0 
   	 443432            490.004          901.0      0.0 
   	 445283            492.004          926.0      0.0 
   	 447083            494.004          900.0      0.0 
   	 448878            496.004          898.0      0.0 
   	 450739            498.005          930.0      0.0 
   	 452581            500.004          921.0      0.0 
   	 454382            502.004          901.0      0.0 
   	 456183            504.004          901.0      0.0 
   	 458033            506.004          925.0      0.0 
   	 459836            508.004          902.0      0.0 
   	 461725            510.007          943.0      0.0 
   	 463587            512.004          932.0      0.0 
   	 465488            514.004          951.0      0.0 
   	 467339            516.004          926.0      0.0 
   	 469191            518.004          926.0      0.0 
   	 471088            520.004          949.0      0.0 
   	 472989            522.004          951.0      0.0 
   	 474889            524.006          949.0      0.0 
   	 476740            526.004          926.0      0.0 
   	 478646            528.005          953.0      0.0 
   	 480543            530.004          949.0      0.0 
   	 482444            532.004          951.0      0.0 
   	 484313            534.006          934.0      0.0 
   	 486191            536.004          940.0      0.0 
   	 488091            538.004          950.0      0.0 
   	 489982            540.004          946.0      0.0 
   	 491883            542.004          951.0      0.0 
   	 493742            544.004          930.0      0.0 
   	 495634            546.004          946.0      0.0 
   	 497537            548.004          952.0      0.0 
   	 499438            550.006          950.0      0.0 
   	 501338            552.004          951.0      0.0 
   	 503239            554.004          951.0      0.0 
   	 504990            556.004          876.0      0.0 
   	 506892            558.004          951.0      0.0 
   	 508743            560.005          925.0      0.0 
   	 510636            562.004          947.0      0.0 
   	 512536            564.004          950.0      0.0 
   	 512778            566.004          121.0      0.0 
   	 512781            568.004          2.0      0.0 
   	 512781            570.004          0.0      0.0 
