1554825976270
Observatory listening on http://11.163.95.212:8000/
Begin @ 2019-04-10 00:06:18.470835
Server up; try http://0.0.0.0:8080/index.html




	 --total---------tel---------succ---------fail------	
   	 930            2.036          464.0      0.0 
   	 2852            4.034          962.0      0.0 
   	 4754            6.034          951.0      0.0 
   	 6654            8.034          950.0      0.0 
   	 8555            10.034          951.0      0.0 
   	 10441            12.038          941.0      0.0 
   	 12336            14.035          949.0      0.0 
   	 14242            16.036          953.0      0.0 
   	 16159            18.034          959.0      0.0 
   	 18045            20.034          943.0      0.0 
   	 19930            22.036          942.0      0.0 
   	 21839            24.035          955.0      0.0 
   	 23714            26.035          938.0      0.0 
   	 25693            28.034          990.0      0.0 
   	 27594            30.037          949.0      0.0 
   	 29444            32.034          926.0      0.0 
   	 31355            34.035          955.0      0.0 
   	 33253            36.036          949.0      0.0 
   	 35123            38.034          936.0      0.0 
   	 37014            40.034          946.0      0.0 
   	 38453            42.034          720.0      0.0 
   	 40353            44.036          949.0      0.0 
   	 42236            46.034          942.0      0.0 
   	 44138            48.034          951.0      0.0 
   	 45985            50.034          924.0      0.0 
   	 47885            52.034          950.0      0.0 
   	 49786            54.034          951.0      0.0 
   	 51668            56.034          941.0      0.0 
   	 53573            58.034          953.0      0.0 
   	 55474            60.034          951.0      0.0 
   	 57374            62.034          950.0      0.0 
   	 59275            64.034          950.0      0.0 
   	 61170            66.035          947.0      0.0 
   	 63014            68.034          922.0      0.0 
   	 64815            70.034          901.0      0.0 
   	 66716            72.034          951.0      0.0 
   	 68540            74.034          912.0      0.0 
   	 70338            76.034          899.0      0.0 
   	 72224            78.034          943.0      0.0 
   	 74124            80.034          950.0      0.0 
   	 75953            82.034          915.0      0.0 
   	 77854            84.034          951.0      0.0 
   	 79767            86.034          957.0      0.0 
   	 81657            88.034          945.0      0.0 
   	 83553            90.034          948.0      0.0 
   	 85453            92.034          950.0      0.0 
   	 87332            94.035          939.0      0.0 
   	 89256            96.037          961.0      0.0 
   	 90763            98.037          754.0      0.0 
   	 92689            100.034          964.0      0.0 
   	 94572            102.038          940.0      0.0 
   	 96440            104.034          936.0      0.0 
   	 98342            106.034          951.0      0.0 
   	 100236            108.034          947.0      0.0 
   	 101999            110.034          882.0      0.0 
   	 103925            112.034          963.0      0.0 
   	 105825            114.034          950.0      0.0 
   	 107713            116.035          944.0      0.0 
   	 109629            118.034          958.0      0.0 
   	 111529            120.037          949.0      0.0 
   	 113420            122.034          947.0      0.0 
   	 115321            124.034          951.0      0.0 
   	 117130            126.034          905.0      0.0 
   	 119035            128.034          953.0      0.0 
   	 120936            130.034          951.0      0.0 
   	 122836            132.034          950.0      0.0 
   	 124737            134.034          951.0      0.0 
   	 126623            136.034          943.0      0.0 
   	 128565            138.035          971.0      0.0 
   	 130122            140.034          779.0      0.0 
   	 132068            142.034          973.0      0.0 
   	 133918            144.034          925.0      0.0 
   	 135820            146.034          951.0      0.0 
   	 137709            148.034          945.0      0.0 
   	 139609            150.034          950.0      0.0 
   	 141510            152.034          951.0      0.0 
   	 143411            154.034          951.0      0.0 
   	 145312            156.034          951.0      0.0 
   	 147213            158.034          951.0      0.0 
   	 149073            160.034          930.0      0.0 
   	 150961            162.034          944.0      0.0 
   	 152862            164.034          951.0      0.0 
   	 154714            166.034          926.0      0.0 
   	 156658            168.037          971.0      0.0 
   	 158533            170.034          939.0      0.0 
   	 160411            172.034          939.0      0.0 
   	 162311            174.034          950.0      0.0 
   	 164213            176.034          951.0      0.0 
   	 166109            178.034          948.0      0.0 
   	 168010            180.034          951.0      0.0 
   	 169911            182.034          951.0      0.0 
   	 171762            184.034          926.0      0.0 
   	 173647            186.034          943.0      0.0 
   	 175562            188.035          957.0      0.0 
   	 177450            190.034          944.0      0.0 
   	 179346            192.034          948.0      0.0 
   	 181246            194.035          950.0      0.0 
   	 183149            196.034          952.0      0.0 
   	 185024            198.034          938.0      0.0 
   	 186948            200.034          962.0      0.0 
   	 188835            202.034          944.0      0.0 
   	 190718            204.034          942.0      0.0 
   	 192621            206.034          952.0      0.0 
   	 194522            208.034          951.0      0.0 
   	 196423            210.034          951.0      0.0 
   	 198292            212.035          934.0      0.0 
   	 200175            214.034          942.0      0.0 
   	 202076            216.034          951.0      0.0 
   	 203977            218.034          951.0      0.0 
   	 205868            220.035          945.0      0.0 
   	 207516            222.035          824.0      0.0 
   	 209374            224.034          929.0      0.0 
   	 210869            226.034          748.0      0.0 
   	 212632            228.034          882.0      0.0 
   	 214601            230.034          985.0      0.0 
   	 216509            232.034          954.0      0.0 
   	 218423            234.035          957.0      0.0 
   	 220329            236.035          953.0      0.0 
   	 222230            238.035          951.0      0.0 
   	 224081            240.034          926.0      0.0 
   	 225932            242.034          926.0      0.0 
   	 227819            244.037          942.0      0.0 
   	 229684            246.034          934.0      0.0 
   	 231585            248.034          951.0      0.0 
   	 233487            250.034          951.0      0.0 
   	 235387            252.034          950.0      0.0 
   	 237281            254.034          947.0      0.0 
   	 239183            256.034          951.0      0.0 
   	 241083            258.034          950.0      0.0 
   	 242981            260.034          949.0      0.0 
   	 244880            262.034          950.0      0.0 
   	 246781            264.034          951.0      0.0 
   	 248683            266.034          951.0      0.0 
   	 250583            268.034          950.0      0.0 
   	 252484            270.034          951.0      0.0 
   	 254385            272.034          951.0      0.0 
   	 256267            274.034          941.0      0.0 
   	 258166            276.034          950.0      0.0 
   	 260067            278.034          951.0      0.0 
   	 261950            280.038          940.0      0.0 
   	 263819            282.034          936.0      0.0 
   	 265724            284.034          953.0      0.0 
   	 267603            286.034          940.0      0.0 
   	 269496            288.034          947.0      0.0 
   	 271398            290.034          951.0      0.0 
   	 273299            292.034          951.0      0.0 
   	 275186            294.035          943.0      0.0 
   	 277038            296.034          926.0      0.0 
   	 278944            298.034          953.0      0.0 
   	 280841            300.034          949.0      0.0 
   	 282792            302.034          976.0      0.0 
   	 284743            304.034          976.0      0.0 
   	 286651            306.034          954.0      0.0 
   	 288552            308.034          951.0      0.0 
   	 290454            310.034          951.0      0.0 
   	 292367            312.036          956.0      0.0 
   	 294276            314.035          955.0      0.0 
   	 296174            316.034          949.0      0.0 
   	 298120            318.034          973.0      0.0 
   	 300028            320.034          954.0      0.0 
   	 301962            322.034          967.0      0.0 
   	 303827            324.034          933.0      0.0 
   	 305611            326.034          892.0      0.0 
   	 307116            328.034          753.0      0.0 
   	 309089            330.034          987.0      0.0 
   	 310986            332.034          949.0      0.0 
   	 312913            334.034          964.0      0.0 
   	 314814            336.034          951.0      0.0 
   	 316732            338.034          959.0      0.0 
   	 318621            340.034          945.0      0.0 
   	 320543            342.034          961.0      0.0 
   	 322446            344.034          952.0      0.0 
   	 324377            346.034          966.0      0.0 
   	 326310            348.035          966.0      0.0 
   	 328159            350.034          925.0      0.0 
   	 330063            352.034          952.0      0.0 
   	 331960            354.034          949.0      0.0 
   	 333862            356.034          951.0      0.0 
   	 335763            358.034          951.0      0.0 
   	 337660            360.034          949.0      0.0 
   	 339551            362.034          946.0      0.0 
   	 341478            364.034          964.0      0.0 
   	 343377            366.034          950.0      0.0 
   	 345278            368.034          951.0      0.0 
   	 346296            370.034          509.0      0.0 
   	 348195            372.034          950.0      0.0 
   	 350096            374.034          951.0      0.0 
   	 351998            376.034          951.0      0.0 
   	 353859            378.034          931.0      0.0 
   	 355777            380.034          959.0      0.0 
   	 357678            382.034          951.0      0.0 
   	 359202            384.034          762.0      0.0 
   	 361104            386.034          951.0      0.0 
   	 362938            388.034          917.0      0.0 
   	 364839            390.034          951.0      0.0 
   	 366640            392.034          901.0      0.0 
   	 368391            394.034          876.0      0.0 
   	 370292            396.034          951.0      0.0 
   	 372183            398.034          946.0      0.0 
   	 374035            400.034          926.0      0.0 
   	 375984            402.038          973.0      0.0 
   	 377602            404.034          811.0      0.0 
   	 379506            406.034          952.0      0.0 
   	 381406            408.034          950.0      0.0 
   	 383308            410.034          951.0      0.0 
   	 385159            412.034          926.0      0.0 
   	 387055            414.034          948.0      0.0 
   	 388957            416.034          951.0      0.0 
   	 390833            418.036          937.0      0.0 
   	 392709            420.034          939.0      0.0 
   	 394610            422.034          951.0      0.0 
   	 396511            424.034          951.0      0.0 
   	 398412            426.034          951.0      0.0 
   	 400271            428.035          929.0      0.0 
   	 402165            430.034          947.0      0.0 
   	 404065            432.034          950.0      0.0 
   	 405990            434.034          963.0      0.0 
   	 407857            436.035          933.0      0.0 
   	 409788            438.034          966.0      0.0 
   	 411640            440.034          926.0      0.0 
   	 413426            442.036          892.0      0.0 
   	 415291            444.034          933.0      0.0 
   	 417193            446.034          951.0      0.0 
   	 419094            448.034          951.0      0.0 
   	 420945            450.034          926.0      0.0 
   	 422846            452.034          951.0      0.0 
   	 424745            454.039          947.0      0.0 
   	 426594            456.034          927.0      0.0 
   	 428495            458.034          951.0      0.0 
   	 430317            460.035          911.0      0.0 
   	 431833            462.034          758.0      0.0 
   	 433801            464.034          984.0      0.0 
   	 435684            466.034          942.0      0.0 
   	 437584            468.034          950.0      0.0 
   	 439486            470.034          951.0      0.0 
   	 441387            472.034          951.0      0.0 
   	 443287            474.034          950.0      0.0 
   	 445189            476.036          950.0      0.0 
   	 445796            478.034          304.0      0.0 
   	 447697            480.034          951.0      0.0 
   	 449596            482.039          947.0      0.0 
   	 451449            484.034          929.0      0.0 
   	 453350            486.034          951.0      0.0 
   	 454901            488.034          776.0      0.0 
   	 456796            490.034          948.0      0.0 
   	 458696            492.034          950.0      0.0 
   	 460597            494.034          951.0      0.0 
   	 462486            496.037          943.0      0.0 
   	 464399            498.034          958.0      0.0 
   	 466297            500.034          949.0      0.0 
   	 468098            502.034          901.0      0.0 
   	 469964            504.035          933.0      0.0 
   	 471850            506.034          943.0      0.0 
   	 473751            508.034          951.0      0.0 
   	 475651            510.034          950.0      0.0 
   	 477552            512.034          951.0      0.0 
   	 479438            514.034          943.0      0.0 
   	 481328            516.037          944.0      0.0 
   	 483197            518.034          936.0      0.0 
   	 485099            520.034          951.0      0.0 
   	 486999            522.034          950.0      0.0 
   	 488900            524.034          951.0      0.0 
   	 490802            526.034          951.0      0.0 
   	 492678            528.036          937.0      0.0 
   	 494554            530.034          939.0      0.0 
   	 496455            532.034          951.0      0.0 
   	 498301            534.037          922.0      0.0 
   	 500161            536.035          931.0      0.0 
   	 501668            538.034          754.0      0.0 
   	 503541            540.035          936.0      0.0 
   	 505420            542.034          940.0      0.0 
   	 507321            544.034          951.0      0.0 
   	 509222            546.034          951.0      0.0 
   	 511102            548.036          939.0      0.0 
   	 513025            550.036          962.0      0.0 
   	 514875            552.034          926.0      0.0 
   	 516073            554.034          599.0      0.0 
   	 517645            556.034          786.0      0.0 
   	 519545            558.034          950.0      0.0 
   	 521447            560.034          951.0      0.0 
   	 523348            562.035          950.0      0.0 
   	 525235            564.035          944.0      0.0 
   	 527100            566.034          933.0      0.0 
   	 529001            568.034          951.0      0.0 
   	 530902            570.034          951.0      0.0 
   	 532753            572.034          926.0      0.0 
   	 534422            574.334          726.0      0.0 
   	 535339            578.423          224.0      0.0 
   	 535389            583.773          9.0      0.0 
   	 535484            584.098          292.0      0.0 
   	 536873            586.037          716.0      0.0 
   	 538724            588.034          927.0      0.0 
   	 540625            590.034          951.0      0.0 
   	 542176            592.034          776.0      0.0 
   	 544073            594.034          949.0      0.0 
   	 546019            596.034          973.0      0.0 
   	 547920            598.034          951.0      0.0 
   	 549821            600.035          950.0      0.0 
   	 551672            602.034          926.0      0.0 
   	 553573            604.034          951.0      0.0 
   	 555475            606.034          951.0      0.0 
   	 557375            608.034          950.0      0.0 
   	 559275            610.034          950.0      0.0 
   	 561127            612.034          926.0      0.0 
   	 563027            614.034          950.0      0.0 
   	 564929            616.034          951.0      0.0 
   	 566786            618.034          929.0      0.0 
   	 568673            620.034          944.0      0.0 
   	 570575            622.034          951.0      0.0 
   	 572469            624.036          946.0      0.0 
   	 574327            626.034          930.0      0.0 
   	 576228            628.034          951.0      0.0 
   	 578128            630.034          950.0      0.0 
   	 580030            632.034          951.0      0.0 
   	 581927            634.034          949.0      0.0 
   	 583829            636.034          951.0      0.0 
   	 585730            638.034          951.0      0.0 
   	 587631            640.034          951.0      0.0 
   	 589532            642.034          951.0      0.0 
   	 591383            644.034          926.0      0.0 
   	 593285            646.034          951.0      0.0 
   	 595185            648.034          950.0      0.0 
   	 597086            650.034          951.0      0.0 
   	 598976            652.034          945.0      0.0 
   	 600876            654.034          950.0      0.0 
   	 602728            656.034          926.0      0.0 
   	 604629            658.034          951.0      0.0 
   	 606479            660.034          925.0      0.0 
   	 608381            662.034          951.0      0.0 
   	 610282            664.039          948.0      0.0 
   	 612133            666.034          928.0      0.0 
   	 614027            668.034          947.0      0.0 
   	 615934            670.034          954.0      0.0 
   	 617835            672.034          951.0      0.0 
   	 619686            674.034          926.0      0.0 
   	 621588            676.034          951.0      0.0 
   	 623482            678.038          945.0      0.0 
   	 625218            680.034          870.0      0.0 
   	 627085            682.034          934.0      0.0 
   	 629032            684.034          974.0      0.0 
   	 630884            686.034          926.0      0.0 
   	 632785            688.034          951.0      0.0 
   	 634685            690.034          950.0      0.0 
   	 636587            692.034          951.0      0.0 
   	 638400            694.035          906.0      0.0 
   	 640287            696.034          944.0      0.0 
   	 642188            698.034          951.0      0.0 
   	 643983            700.034          898.0      0.0 
   	 645884            702.034          951.0      0.0 
   	 647735            704.034          926.0      0.0 
   	 649637            706.034          951.0      0.0 
   	 651449            708.037          905.0      0.0 
   	 653246            710.036          899.0      0.0 
   	 655016            712.034          886.0      0.0 
   	 656816            714.034          900.0      0.0 
   	 658575            716.035          879.0      0.0 
   	 660360            718.034          893.0      0.0 
   	 662160            720.034          900.0      0.0 
   	 663946            722.034          893.0      0.0 
   	 665773            724.034          914.0      0.0 
   	 667571            726.034          899.0      0.0 
   	 669345            728.036          886.0      0.0 
   	 671173            730.034          915.0      0.0 
   	 672974            732.034          901.0      0.0 
   	 674775            734.034          901.0      0.0 
   	 676627            736.034          926.0      0.0 
   	 678427            738.034          900.0      0.0 
   	 680207            740.034          890.0      0.0 
   	 682099            742.034          946.0      0.0 
   	 684030            744.034          966.0      0.0 
   	 685931            746.034          951.0      0.0 
   	 686083            748.034          76.0      0.0 
   	 686083            750.034          0.0      0.0 
   	 686085            752.034          1.0      0.0 
   	 686086            754.034          0.0      0.0 
   	 686086            756.034          0.0      0.0 
   	 686088            758.034          1.0      0.0 
   	 686089            760.034          0.0      0.0 
   	 686090            762.034          0.0      0.0 
   	 686091            764.034          0.0      0.0 
   	 686092            766.034          0.0      0.0 
   	 686093            768.034          0.0      0.0 
   	 686094            770.034          0.0      0.0 
   	 686096            772.034          1.0      0.0 
   	 686096            774.034          0.0      0.0 
