1554825246170
Begin @ 2019-04-09 23:54:06.253436
Observatory listening on http://11.163.95.212:8000/
Server up; try http://0.0.0.0:8080/index.html




	 --total---------tel---------succ---------fail------	
   	 125            2.039          62.0      0.0 
   	 2020            4.043          946.0      0.0 
   	 3573            6.033          780.0      0.0 
   	 5324            8.045          870.0      0.0 
   	 7216            10.04          948.0      0.0 
   	 9075            12.033          933.0      0.0 
   	 10976            14.033          951.0      0.0 
   	 12828            16.033          926.0      0.0 
   	 14729            18.033          951.0      0.0 
   	 16626            20.033          949.0      0.0 
   	 18526            22.033          950.0      0.0 
   	 20377            24.033          926.0      0.0 
   	 22280            26.033          952.0      0.0 
   	 24180            28.033          950.0      0.0 
   	 26081            30.033          951.0      0.0 
   	 27732            32.034          825.0      0.0 
   	 29617            34.037          941.0      0.0 
   	 31485            36.033          936.0      0.0 
   	 33386            38.033          951.0      0.0 
   	 35286            40.033          950.0      0.0 
   	 37137            42.033          926.0      0.0 
   	 39038            44.033          951.0      0.0 
   	 40930            46.036          945.0      0.0 
   	 42791            48.033          932.0      0.0 
   	 44692            50.038          948.0      0.0 
   	 46587            52.036          948.0      0.0 
   	 48493            54.038          952.0      0.0 
   	 50386            56.04          946.0      0.0 
   	 52246            58.033          933.0      0.0 
   	 54131            60.033          943.0      0.0 
   	 56028            62.033          949.0      0.0 
   	 57928            64.033          950.0      0.0 
   	 59831            66.033          952.0      0.0 
   	 61686            68.034          927.0      0.0 
   	 63622            70.036          967.0      0.0 
   	 65475            72.033          928.0      0.0 
   	 67375            74.033          950.0      0.0 
   	 69278            76.033          952.0      0.0 
   	 71179            78.037          949.0      0.0 
   	 73032            80.033          928.0      0.0 
   	 74930            82.034          949.0      0.0 
   	 76631            84.033          851.0      0.0 
   	 77779            86.033          574.0      0.0 
   	 79681            88.033          951.0      0.0 
   	 81576            90.036          946.0      0.0 
   	 83436            92.034          931.0      0.0 
   	 85333            94.033          949.0      0.0 
   	 87235            96.033          951.0      0.0 
   	 89086            98.033          926.0      0.0 
   	 90980            100.033          947.0      0.0 
   	 92146            102.033          583.0      0.0 
   	 94046            104.033          950.0      0.0 
   	 95948            106.033          951.0      0.0 
   	 97661            108.034          856.0      0.0 
   	 99544            110.033          942.0      0.0 
   	 101400            112.034          928.0      0.0 
   	 103293            114.033          947.0      0.0 
   	 105152            116.034          929.0      0.0 
   	 106650            118.033          749.0      0.0 
   	 108567            120.036          957.0      0.0 
   	 110447            122.033          941.0      0.0 
   	 112348            124.033          951.0      0.0 
   	 114241            126.033          947.0      0.0 
   	 116062            128.035          910.0      0.0 
   	 117944            130.033          942.0      0.0 
   	 119844            132.033          950.0      0.0 
   	 121745            134.033          951.0      0.0 
   	 123647            136.033          951.0      0.0 
   	 125498            138.033          926.0      0.0 
   	 127399            140.033          951.0      0.0 
   	 129300            142.033          951.0      0.0 
   	 131172            144.035          935.0      0.0 
   	 133036            146.033          933.0      0.0 
   	 134788            148.033          876.0      0.0 
   	 136688            150.033          950.0      0.0 
   	 138589            152.033          951.0      0.0 
   	 140440            154.033          926.0      0.0 
   	 142341            156.033          951.0      0.0 
   	 144243            158.033          951.0      0.0 
   	 145994            160.035          875.0      0.0 
   	 147894            162.033          951.0      0.0 
   	 149745            164.033          926.0      0.0 
   	 151447            166.033          851.0      0.0 
   	 153344            168.033          949.0      0.0 
   	 155245            170.033          951.0      0.0 
   	 157119            172.035          936.0      0.0 
   	 158996            174.033          939.0      0.0 
   	 160898            176.033          951.0      0.0 
   	 162800            178.04          948.0      0.0 
   	 164650            180.033          928.0      0.0 
   	 166551            182.035          950.0      0.0 
   	 168402            184.033          926.0      0.0 
   	 170303            186.035          950.0      0.0 
   	 172192            188.041          942.0      0.0 
   	 174048            190.033          932.0      0.0 
   	 175940            192.033          946.0      0.0 
   	 177791            194.033          926.0      0.0 
   	 179693            196.033          951.0      0.0 
   	 181594            198.035          950.0      0.0 
   	 183445            200.033          926.0      0.0 
   	 184764            202.033          660.0      0.0 
   	 186664            204.036          949.0      0.0 
   	 188266            206.033          802.0      0.0 
   	 190168            208.033          951.0      0.0 
   	 192064            210.033          948.0      0.0 
   	 193915            212.033          926.0      0.0 
   	 194666            214.033          376.0      0.0 
   	 196567            216.033          951.0      0.0 
   	 198421            218.034          927.0      0.0 
   	 200320            220.033          950.0      0.0 
   	 202220            222.033          950.0      0.0 
   	 204121            224.033          951.0      0.0 
   	 206023            226.033          951.0      0.0 
   	 207824            228.033          901.0      0.0 
   	 209725            230.033          951.0      0.0 
   	 211626            232.035          950.0      0.0 
   	 213473            234.033          924.0      0.0 
   	 215374            236.033          951.0      0.0 
   	 217276            238.033          951.0      0.0 
   	 219140            240.035          931.0      0.0 
   	 221077            242.033          969.0      0.0 
   	 222928            244.033          926.0      0.0 
   	 224829            246.033          951.0      0.0 
   	 226731            248.04          948.0      0.0 
   	 228532            250.033          904.0      0.0 
   	 230332            252.033          900.0      0.0 
   	 232183            254.037          924.0      0.0 
   	 234035            256.037          926.0      0.0 
   	 235836            258.034          902.0      0.0 
   	 237737            260.033          951.0      0.0 
   	 239011            262.033          637.0      0.0 
   	 240841            264.033          915.0      0.0 
   	 242677            266.033          918.0      0.0 
   	 244479            268.033          901.0      0.0 
   	 246329            270.033          925.0      0.0 
   	 248130            272.033          901.0      0.0 
   	 249977            274.033          924.0      0.0 
   	 251778            276.033          901.0      0.0 
   	 253630            278.033          926.0      0.0 
   	 255431            280.033          901.0      0.0 
   	 257245            282.035          906.0      0.0 
   	 259082            284.033          919.0      0.0 
   	 260934            286.033          926.0      0.0 
   	 262785            288.033          926.0      0.0 
   	 264586            290.033          901.0      0.0 
   	 266437            292.033          926.0      0.0 
   	 268266            294.037          913.0      0.0 
   	 270095            296.034          916.0      0.0 
   	 271937            298.033          921.0      0.0 
   	 273737            300.033          900.0      0.0 
   	 275538            302.033          901.0      0.0 
   	 277389            304.039          923.0      0.0 
   	 279212            306.036          913.0      0.0 
   	 281034            308.033          912.0      0.0 
   	 282882            310.045          918.0      0.0 
   	 284675            312.033          902.0      0.0 
   	 286516            314.033          921.0      0.0 
   	 288368            316.033          926.0      0.0 
   	 290169            318.035          900.0      0.0 
   	 291970            320.033          901.0      0.0 
   	 293821            322.033          926.0      0.0 
   	 295621            324.033          900.0      0.0 
   	 297469            326.04          921.0      0.0 
   	 299260            328.034          898.0      0.0 
   	 301060            330.033          900.0      0.0 
   	 302861            332.033          901.0      0.0 
   	 304708            334.033          924.0      0.0 
   	 306553            336.033          923.0      0.0 
   	 308355            338.034          901.0      0.0 
   	 310206            340.033          926.0      0.0 
   	 312006            342.033          900.0      0.0 
   	 313853            344.033          924.0      0.0 
   	 315677            346.034          912.0      0.0 
   	 317501            348.036          911.0      0.0 
   	 319329            350.033          915.0      0.0 
   	 321130            352.033          901.0      0.0 
   	 322980            354.033          925.0      0.0 
   	 324782            356.033          901.0      0.0 
   	 326595            358.035          906.0      0.0 
   	 328434            360.033          920.0      0.0 
   	 330244            362.034          905.0      0.0 
   	 332086            364.037          920.0      0.0 
   	 333896            366.035          906.0      0.0 
   	 335723            368.034          914.0      0.0 
   	 337574            370.033          926.0      0.0 
   	 339374            372.033          900.0      0.0 
   	 341225            374.033          926.0      0.0 
   	 343076            376.033          926.0      0.0 
   	 344928            378.033          926.0      0.0 
   	 346729            380.034          900.0      0.0 
   	 348529            382.033          900.0      0.0 
   	 350380            384.033          926.0      0.0 
   	 352232            386.033          926.0      0.0 
   	 354083            388.033          926.0      0.0 
   	 355884            390.033          901.0      0.0 
   	 357735            392.033          926.0      0.0 
   	 359535            394.033          900.0      0.0 
   	 361337            396.033          901.0      0.0 
   	 363235            398.033          949.0      0.0 
   	 365042            400.034          903.0      0.0 
   	 366293            402.033          626.0      0.0 
   	 368094            404.038          898.0      0.0 
   	 369895            406.033          903.0      0.0 
   	 371697            408.033          901.0      0.0 
   	 373548            410.033          926.0      0.0 
   	 375398            412.034          925.0      0.0 
   	 377199            414.034          901.0      0.0 
   	 379001            416.033          901.0      0.0 
   	 380844            418.033          922.0      0.0 
   	 382645            420.033          901.0      0.0 
   	 384462            422.036          907.0      0.0 
   	 386293            424.034          916.0      0.0 
   	 388145            426.033          926.0      0.0 
   	 389960            428.034          907.0      0.0 
   	 391797            430.033          919.0      0.0 
   	 393598            432.034          900.0      0.0 
   	 395449            434.033          926.0      0.0 
   	 397250            436.033          901.0      0.0 
   	 399052            438.033          901.0      0.0 
   	 400899            440.033          924.0      0.0 
   	 402749            442.034          925.0      0.0 
   	 404637            444.033          944.0      0.0 
   	 406189            446.033          776.0      0.0 
   	 408040            448.033          926.0      0.0 
   	 409891            450.033          926.0      0.0 
   	 411692            452.033          901.0      0.0 
   	 413542            454.034          925.0      0.0 
   	 415344            456.033          901.0      0.0 
   	 417196            458.033          926.0      0.0 
   	 419046            460.033          925.0      0.0 
   	 420847            462.033          901.0      0.0 
   	 422676            464.036          913.0      0.0 
   	 424499            466.033          913.0      0.0 
   	 426351            468.033          926.0      0.0 
   	 428202            470.034          925.0      0.0 
   	 429852            472.033          825.0      0.0 
   	 431691            474.04          916.0      0.0 
   	 433493            476.033          904.0      0.0 
   	 435294            478.033          901.0      0.0 
   	 437145            480.033          926.0      0.0 
   	 438946            482.033          901.0      0.0 
   	 440758            484.034          906.0      0.0 
   	 442548            486.033          895.0      0.0 
   	 444400            488.033          926.0      0.0 
   	 446200            490.033          900.0      0.0 
   	 448001            492.033          901.0      0.0 
   	 449834            494.035          916.0      0.0 
   	 450755            496.033          461.0      0.0 
   	 452557            498.033          901.0      0.0 
   	 454401            500.036          921.0      0.0 
   	 456208            502.033          905.0      0.0 
   	 457875            504.033          834.0      0.0 
   	 459620            506.033          873.0      0.0 
   	 461421            508.033          901.0      0.0 
   	 463272            510.033          926.0      0.0 
   	 465060            512.035          893.0      0.0 
   	 466860            514.033          901.0      0.0 
   	 468712            516.034          926.0      0.0 
   	 470514            518.033          901.0      0.0 
   	 472364            520.033          925.0      0.0 
   	 474215            522.033          926.0      0.0 
   	 476016            524.033          901.0      0.0 
   	 477867            526.033          926.0      0.0 
   	 479719            528.033          926.0      0.0 
   	 481550            530.033          916.0      0.0 
   	 483350            532.033          900.0      0.0 
   	 485173            534.033          912.0      0.0 
   	 486665            536.037          745.0      0.0 
   	 488468            538.033          903.0      0.0 
   	 490269            540.033          901.0      0.0 
   	 492120            542.033          926.0      0.0 
   	 493909            544.033          895.0      0.0 
   	 495715            546.034          903.0      0.0 
   	 497563            548.033          924.0      0.0 
   	 499408            550.033          923.0      0.0 
   	 501103            552.034          847.0      0.0 
   	 502871            554.034          884.0      0.0 
   	 504711            556.033          920.0      0.0 
   	 506563            558.033          926.0      0.0 
   	 508361            560.033          899.0      0.0 
   	 510200            562.033          920.0      0.0 
   	 512048            564.033          924.0      0.0 
   	 513899            566.033          926.0      0.0 
   	 515819            568.033          960.0      0.0 
   	 517630            570.034          905.0      0.0 
   	 519526            572.033          948.0      0.0 
   	 521427            574.033          951.0      0.0 
   	 523343            576.033          958.0      0.0 
   	 525244            578.033          951.0      0.0 
   	 527144            580.033          950.0      0.0 
   	 529047            582.033          952.0      0.0 
   	 530931            584.033          942.0      0.0 
   	 531732            586.034          400.0      0.0 
   	 531735            588.033          2.0      0.0 
   	 531735            590.033          0.0      0.0 
   	 531736            592.033          0.0      0.0 
